a 97 0 38
b 98 0 56
c 99 0 54
d 100 0 40
e 101 0 26
f 102 0 41
g 103 0 42
h 104 0 43
i 105 0 31
j 106 0 44
k 107 0 45
l 108 0 46
m 109 0 58
n 110 0 57
o 111 0 32
p 112 0 33
q 113 0 24
r 114 0 27
s 115 0 39
t 116 0 28
u 117 0 30
v 118 0 55
w 119 0 25
x 120 0 53
y 121 0 29
z 122 0 52
0 48 0 19
1 49 0 10
2 50 0 11
3 51 0 12
4 52 0 13
5 53 0 14
6 54 0 15
7 55 0 16
8 56 0 17
9 57 0 18
Escape 65307 0 9
plus 43 0 20
dead_acute 65105 0 21
BackSpace 65288 0 22
Tab 65289 0 23
aring 229 0 34
dead_diaeresis 65111 0 35
Return 65293 0 36
Control_L 65507 0 37
odiaeresis 246 0 47
adiaeresis 228 0 48
section 167 0 49
Shift_L 65505 0 50
apostrophe 39 0 51
comma 44 0 59
period 46 0 60
minus 45 0 61
Shift_R 65506 0 62
Alt_L 65513 0 64
space 32 0 65
Caps_Lock 65509 0 66
F1 65470 0 67
F2 65471 0 68
F3 65472 0 69
F4 65473 0 70
F5 65474 0 71
F6 65475 0 72
F7 65476 0 73
F8 65477 0 74
F9 65478 0 75
F10 65479 0 76
Num_Lock 65407 0 77
Scroll_Lock 65300 0 78
ISO_Level3_Shift 65027 0 92
less 60 0 94
F11 65480 0 95
F12 65481 0 96
Katakana 65318 0 98
Hiragana 65317 0 99
Henkan_Mode 65315 0 100
Hiragana_Katakana 65319 0 101
Muhenkan 65314 0 102
Control_R 65508 0 105
Print 65377 0 107
Linefeed 65290 0 109
Home 65360 0 110
Up 65362 0 111
Prior 65365 0 112
Left 65361 0 113
Right 65363 0 114
End 65367 0 115
Down 65364 0 116
Next 65366 0 117
Insert 65379 0 118
Delete 65535 0 119
plusminus 177 0 126
Pause 65299 0 127
Hangul 65329 0 130
Hangul_Hanja 65332 0 131
Super_L 65515 0 133
Super_R 65516 0 134
Menu 65383 0 135
Cancel 65385 0 136
Redo 65382 0 137
SunProps 268828528 0 138
Undo 65381 0 139
SunFront 268828529 0 140
Find 65384 0 144
Help 65386 0 146
parenleft 40 0 187
parenright 41 0 188
Mode_switch 65406 0 203
